{
  "nbformat": 4,
  "nbformat_minor": 0,
  "metadata": {
    "colab": {
      "provenance": []
    },
    "kernelspec": {
      "name": "python3",
      "display_name": "Python 3"
    },
    "language_info": {
      "name": "python"
    }
  },
  "cells": [
    {
      "cell_type": "code",
      "execution_count": 6,
      "metadata": {
        "colab": {
          "base_uri": "https://localhost:8080/"
        },
        "id": "IzuBfdfMBf_m",
        "outputId": "7b852e42-8cad-4b5d-b642-c0e0d1e9a93c"
      },
      "outputs": [
        {
          "output_type": "stream",
          "name": "stdout",
          "text": [
            "Distance Matrix:\n",
            "[[  0. 148.  74.  41.  61.  77. 137.  42.  98.  13. 126.  86.  99. 168.\n",
            "   72.  73.  92. 139. 129. 127. 104.]\n",
            " [148.   0.  74. 107.  87.  71.  27. 106.  50. 135.  22.  62.  49.  40.\n",
            "   76.  95.  62.  17.  19.  21.  92.]\n",
            " [ 74.  74.   0.  59. 105.  95.  79. 112.  98.  87.  64.  88.  31.  94.\n",
            "   70. 147.  18.  65.  57.  53. 144.]\n",
            " [ 41. 107.  59.   0.  46.  36.  96.  53.  57.  28.  85.  45.  58. 127.\n",
            "   31.  88.  69.  98.  88.  86.  85.]\n",
            " [ 61.  87. 105.  46.   0.  16.  76.  19.  37.  48.  65.  25.  74. 107.\n",
            "   35.  42. 115.  78.  68.  66.  43.]\n",
            " [ 77.  71.  95.  36.  16.   0.  60.  35.  21.  64.  49.   9.  64.  91.\n",
            "   25.  52. 105.  62.  52.  50.  49.]\n",
            " [137.  27.  79.  96.  76.  60.   0.  95.  39. 124.  15.  51.  48.  31.\n",
            "   65.  68.  89.  44.  22.  28.  65.]\n",
            " [ 42. 106. 112.  53.  19.  35.  95.   0.  56.  29.  84.  44.  81. 126.\n",
            "   42.  35. 122.  97.  87.  85.  62.]\n",
            " [ 98.  50.  98.  57.  37.  21.  39.  56.   0.  85.  34.  12.  67.  70.\n",
            "   28.  49. 108.  63.  41.  47.  46.]\n",
            " [ 13. 135.  87.  28.  48.  64. 124.  29.  85.   0. 113.  73.  86. 155.\n",
            "   59.  60.  97. 126. 116. 114.  91.]\n",
            " [126.  22.  64.  85.  65.  49.  15.  84.  34. 113.   0.  40.  33.  42.\n",
            "   54.  83.  74.  29.   7.  13.  80.]\n",
            " [ 86.  62.  88.  45.  25.   9.  51.  44.  12.  73.  40.   0.  57.  82.\n",
            "   18.  59.  98.  53.  43.  41.  56.]\n",
            " [ 99.  49.  31.  58.  74.  64.  48.  81.  67.  86.  33.  57.   0.  69.\n",
            "   39. 116.  41.  40.  30.  28. 113.]\n",
            " [168.  40.  94. 127. 107.  91.  31. 126.  70. 155.  42.  82.  69.   0.\n",
            "   96.  95. 102.  57.  39.  41.  64.]\n",
            " [ 72.  76.  70.  31.  35.  25.  65.  42.  28.  59.  54.  18.  39.  96.\n",
            "    0.  77.  80.  67.  57.  55.  74.]\n",
            " [ 73.  95. 147.  88.  42.  52.  68.  35.  49.  60.  83.  59. 116.  95.\n",
            "   77.   0. 157. 112.  90.  96.  31.]\n",
            " [ 92.  62.  18.  69. 115. 105.  89. 122. 108.  97.  74.  98.  41. 102.\n",
            "   80. 157.   0.  47.  67.  61. 154.]\n",
            " [139.  17.  65.  98.  78.  62.  44.  97.  63. 126.  29.  53.  40.  57.\n",
            "   67. 112.  47.   0.  22.  16. 109.]\n",
            " [129.  19.  57.  88.  68.  52.  22.  87.  41. 116.   7.  43.  30.  39.\n",
            "   57.  90.  67.  22.   0.   6.  87.]\n",
            " [127.  21.  53.  86.  66.  50.  28.  85.  47. 114.  13.  41.  28.  41.\n",
            "   55.  96.  61.  16.   6.   0.  93.]\n",
            " [104.  92. 144.  85.  43.  49.  65.  62.  46.  91.  80.  56. 113.  64.\n",
            "   74.  31. 154. 109.  87.  93.   0.]]\n",
            "Total Distance: 944.0\n",
            "Routes:\n",
            "Vehicle 1: [0, 9, 3, 14, 11, 5, 4, 7, 0]\n",
            "Vehicle 2: [0, 15, 20, 8, 10, 18, 19, 17, 0]\n",
            "Vehicle 3: [0, 2, 16, 12, 6, 1, 13, 0]\n"
          ]
        }
      ],
      "source": [
        "import numpy as np\n",
        "import random\n",
        "\n",
        "num_locations = 20  # Define how many locations (excluding the depot) the vehicles need to visit\n",
        "locations = [(random.randint(0, 100), random.randint(0, 100)) for _ in range(num_locations)]  # Generate random (x, y) coordinates for each location\n",
        "depot = (0, 0)  # Define the central depot location as a fixed point\n",
        "locations.insert(0, depot)  # Add the depot to the beginning of the locations list\n",
        "num_vehicles = 3  # Define how many vehicles are available to visit the locations\n",
        "\n",
        "def calculate_distance_matrix(locations):\n",
        "    \"\"\"\n",
        "    Calculate the distance matrix between locations.\n",
        "    \"\"\"\n",
        "    num_points = len(locations)\n",
        "    dist_matrix = np.zeros((num_points, num_points))\n",
        "\n",
        "    for i in range(num_points):\n",
        "        for j in range(num_points):\n",
        "            dist_matrix[i, j] = calculate_distance(locations, i, j)\n",
        "\n",
        "    return dist_matrix\n",
        "\n",
        "def calculate_distance(locations, i, j):\n",
        "    \"\"\"\n",
        "    Calculate the Manhattan distance between two points.\n",
        "    \"\"\"\n",
        "    x1, y1 = locations[i]\n",
        "    x2, y2 = locations[j]\n",
        "    return abs(x1-x2) + abs(y1-y2)\n",
        "\n",
        "#dist_matrix is a list that contains the distance between each and every location\n",
        "def nearest_neighbor(dist_matrix):\n",
        "    \"\"\"\n",
        "    Apply the Nearest Neighbor heuristic to find initial routes for VRP.\n",
        "    \"\"\"\n",
        "    num_points = dist_matrix.shape[0] #number of points to be visited\n",
        "    visited = np.zeros(num_points, dtype=bool) #initialization of array that will contain if a location is visited or not\n",
        "    routes = []\n",
        "    total_distance = 0\n",
        "\n",
        "    #loop to run until all locations get visited\n",
        "    while np.sum(visited) < num_points:\n",
        "        current_node = 0  # Start at node 0 (depot) for each vehicle\n",
        "        route = [current_node] #current_node is pushed to the route not routes\n",
        "        visited[current_node] = True #visited turned to true\n",
        "\n",
        "        while True:\n",
        "            current = route[-1] #current = last element in route array\n",
        "            nearest = None #initialisation of nearest\n",
        "            min_dist = float('inf') #initialization of min_dist\n",
        "\n",
        "            #this loop will run until we get the nearest neighbour\n",
        "            for neighbor in np.where(~visited)[0]:\n",
        "                if dist_matrix[current, neighbor] < min_dist:\n",
        "                    nearest = neighbor #nearest changes to neighbour\n",
        "                    min_dist = dist_matrix[current, neighbor] #min_dist changes to the distance between current and neighbour\n",
        "\n",
        "            if nearest is None or len(route) > num_points // num_vehicles:\n",
        "                break\n",
        "\n",
        "            route.append(nearest) #route is appended by the nearest\n",
        "            visited[nearest] = True\n",
        "            total_distance += min_dist\n",
        "\n",
        "        # Add the distance back to the depot\n",
        "        total_distance += dist_matrix[route[-1], 0]\n",
        "        route.append(0)  # Return to depot\n",
        "        routes.append(route)  # Append the route to routes\n",
        "\n",
        "    return total_distance, routes\n",
        "\n",
        "dist_matrix = calculate_distance_matrix(locations)\n",
        "total_distance, routes = nearest_neighbor(dist_matrix)\n",
        "\n",
        "print(\"Distance Matrix:\")\n",
        "print(dist_matrix)\n",
        "print(f\"Total Distance: {total_distance}\")\n",
        "print(\"Routes:\")\n",
        "for i, route in enumerate(routes):\n",
        "    print(f\"Vehicle {i+1}: {route}\")"
      ]
    },
    {
      "cell_type": "code",
      "source": [],
      "metadata": {
        "id": "uEpxiaGqwo4f"
      },
      "execution_count": null,
      "outputs": []
    }
  ]
}